101
321
1.0
0 1 1
0 2 1
0 3 1
0 4 1
0 5 1
0 6 1
0 7 1
0 8 1
0 9 1
0 10 1
0 11 1
0 12 1
0 13 1
0 14 1
0 15 1
0 16 1
0 17 1
0 18 1
0 19 1
0 20 1
0 21 1
0 22 1
0 23 1
0 24 1
0 25 1
0 26 1
0 27 1
0 28 1
0 29 1
0 30 1
0 31 1
0 32 1
0 33 1
0 34 1
0 35 1
0 36 1
0 37 1
0 38 1
0 39 1
0 40 1
0 41 1
0 42 1
0 43 1
0 44 1
0 45 1
0 46 1
0 47 1
0 48 1
0 49 1
0 50 1
0 51 1
0 52 1
0 53 1
0 54 1
0 55 1
0 56 1
0 57 1
0 58 1
0 59 1
0 60 1
0 61 1
0 62 1
0 63 1
0 64 1
0 65 1
0 66 1
0 67 1
0 68 1
0 69 1
0 70 1
0 71 1
0 72 1
0 73 1
0 74 1
0 75 1
0 76 1
0 77 1
0 78 1
0 79 1
0 80 1
0 81 1
0 82 1
0 83 1
0 84 1
0 85 1
0 86 1
0 87 1
0 88 1
0 89 1
0 90 1
0 91 1
0 92 1
0 93 1
0 94 1
0 95 1
0 96 1
0 97 1
0 98 1
0 99 1
0 100 1
1 12 53
1 16 98
1 36 62
1 71 166
1 90 132
2 50 114
2 62 153
3 50 198
3 66 182
3 67 141
4 18 77
4 29 102
4 39 189
4 55 101
4 57 95
4 78 170
4 87 64
5 17 130
6 77 166
6 79 116
6 85 145
7 17 129
7 61 166
7 78 141
7 86 181
7 94 117
8 33 117
9 22 63
9 38 190
9 64 33
9 92 96
10 33 197
10 38 62
10 43 65
10 53 84
10 63 141
10 67 109
10 91 31
11 34 60
11 73 184
12 57 75
13 27 181
13 38 34
13 39 121
13 89 122
14 16 91
14 25 132
14 35 55
14 56 81
14 74 24
14 77 55
14 86 8
15 62 137
15 70 83
16 45 154
16 50 178
16 61 138
16 76 47
16 93 158
17 46 12
17 80 80
17 81 111
17 100 198
18 34 160
18 48 63
18 74 146
19 22 113
19 48 194
19 51 185
19 53 165
19 69 100
19 71 7
20 21 122
20 23 183
20 42 63
20 46 40
20 63 171
20 70 32
21 25 102
21 49 30
21 97 176
22 24 171
22 49 53
22 58 28
22 61 22
22 73 40
23 26 200
23 67 55
24 71 135
24 74 33
25 52 22
25 66 36
25 80 26
25 94 118
25 95 182
26 38 77
26 91 133
27 48 48
27 64 146
27 90 82
28 71 139
28 92 184
29 30 169
29 48 116
30 32 122
30 39 129
30 84 167
31 74 169
31 77 18
31 79 88
31 99 128
32 35 197
32 56 45
32 59 189
32 79 153
33 46 52
33 48 59
33 89 189
33 99 190
34 51 117
34 63 97
35 48 139
36 88 96
37 41 67
37 65 121
37 72 158
38 79 92
38 83 8
38 85 130
39 48 40
39 88 96
40 48 155
40 62 183
40 76 151
41 81 107
41 85 17
42 44 169
42 66 188
42 82 163
42 85 129
42 89 32
43 69 103
43 94 92
44 62 78
45 51 136
45 76 110
45 85 9
46 59 64
46 67 56
46 86 26
46 95 103
47 60 101
47 98 30
47 100 143
48 94 26
49 53 135
49 61 180
49 79 56
50 57 179
50 68 45
50 84 125
52 73 150
53 79 181
53 92 45
53 100 72
54 100 120
55 75 67
55 80 171
55 81 176
55 96 7
56 62 113
56 96 90
56 99 24
57 65 87
57 78 11
57 79 104
58 69 52
58 71 147
58 86 152
59 93 107
60 66 170
60 70 69
60 71 173
60 72 27
60 96 182
61 69 133
61 98 28
63 78 195
64 74 71
64 94 193
65 98 75
67 81 152
67 90 123
67 92 111
69 88 82
69 95 85
70 76 96
70 80 183
70 84 31
70 85 54
70 99 33
71 83 34
71 90 38
72 79 188
76 94 37
77 92 76
78 96 129
79 89 154
80 93 41
81 98 85
83 91 53
85 86 40
86 92 68
87 92 139
91 97 92
92 93 177
92 98 81
93 95 174
93 97 187
94 99 75
95 96 42
